Name: 
MZ: 0
MASSTOLERANCE: 0
SCAN RETENTIONTIME BASEMZ INTENSITY
0 0.00740416301414371 149.02278137207 81400.625
1 0.0142073929309845 149.02278137207 82038.4375
2 0.0210103765130043 149.02278137207 82569.6875
3 0.027796808630228 149.02278137207 82829.75
4 0.0345998220145702 149.02278137207 83254.5625
5 0.041386291384697 149.02278137207 83158.875
6 0.048172764480114 149.02278137207 83082
7 0.0549758225679398 149.02278137207 82651.9375
8 0.0617621168494225 149.02278137207 82065.25
9 0.0685484930872917 149.02278137207 81803.6875
10 0.0753515958786011 149.02278137207 81570.9375
11 0.0821381211280823 149.02278137207 81633.5625
12 0.0889410823583603 149.02278137207 81776.875
13 0.0957276597619057 149.02278137207 81661.6875
14 0.102514035999775 149.02278137207 81452.5
15 0.109316982328892 149.02278137207 81175.5
16 0.116103373467922 149.02278137207 80819.625
17 0.122873269021511 149.02278137207 80688.0625
18 0.129692882299423 149.02278137207 80502.5625
19 0.136479392647743 149.02278137207 80231.6875
20 0.143282443284988 149.02278137207 80165.5
21 0.150068745017052 149.02278137207 80042.0625
22 0.156855240464211 149.02278137207 80132.8125
23 0.163658276200294 149.02278137207 80438.6875
24 0.170444697141647 149.02278137207 80474.5625
25 0.177247762680054 149.02278137207 80458
26 0.184034243226051 149.02278137207 80231.9375
27 0.190820574760437 149.02278137207 79861.875
28 0.197623714804649 149.02278137207 79731.9375
29 0.204410091042519 149.02278137207 79765.875
30 0.211196467280388 149.02278137207 79926.0625
31 0.217999562621117 149.02278137207 80232.0625
32 0.224785998463631 149.02278137207 80464
33 0.231589153409004 149.02278137207 80725.4375
34 0.238375559449196 149.02278137207 80936.5625
35 0.24516187608242 149.02278137207 80967.25
36 0.251964867115021 149.02278137207 80998.5
37 0.259268224239349 149.02278137207 80702.1875
38 0.266071319580078 149.02278137207 80382.8125
39 0.272857755422592 149.02278137207 80309.875
40 0.279660791158676 149.02278137207 80413.125
41 0.28644722700119 149.02278137207 81072.375
42 0.293233752250671 149.02278137207 82267.1875
43 0.300069987773895 149.02278137207 83630.3125
44 0.313559412956238 149.02278137207 85220.1875
45 0.320345938205719 149.02278137207 86820.5
46 0.327149003744125 149.02278137207 87955.5625
47 0.333935469388962 149.02278137207 88522.875
48 0.340721964836121 149.02278137207 88002.25
49 0.347525000572205 149.02278137207 86435.8125
50 0.354311317205429 149.02278137207 84349.625
51 0.361114382743835 149.02278137207 82297
52 0.367900758981705 149.02278137207 81157.25
53 0.374687284231186 149.02278137207 82455.75
54 0.381490409374237 149.02278137207 88505.4375
55 0.388276726007462 149.02278137207 101112.25
56 0.395079880952835 200.127059936523 123069.9375
57 0.401866137981415 200.127059936523 154654.3125
58 0.408652573823929 200.127059936523 192539.0625
59 0.415455609560013 200.127059936523 230660.1875
60 0.422242134809494 200.127059936523 260779.3125
61 0.429045110940933 200.127059936523 275499.75
62 0.435831665992737 200.127059936523 271605.25
63 0.442617923021317 200.127059936523 252881.6875
64 0.44942107796669 200.127059936523 224447.75
65 0.456207424402237 200.127059936523 193410.875
66 0.462977260351181 149.02278137207 165363.125
67 0.469796895980835 149.02278137207 142019.375
68 0.476583421230316 149.02278137207 124461.5625
69 0.483386516571045 149.02278137207 111676.1875
70 0.490172833204269 149.02278137207 102704.5
71 0.496942639350891 149.02278137207 96151.4375
72 0.503762364387512 149.02278137207 91045.875
73 0.510548710823059 149.022766113281 87127.1875
74 0.517351806163788 149.022766113281 83903.75
75 0.524138331413269 149.022766113281 81407.125
76 0.530924677848816 149.022766113281 79577.8125
77 0.5377277135849 149.022766113281 78890.375
78 0.544514417648315 149.022766113281 80257.75
79 0.551300466060638 149.022766113281 83959.5625
80 0.558103561401367 149.022766113281 90123.3125
81 0.564890027046204 149.022766113281 96934.125
82 0.571693122386932 292.181671142578 101860.25
83 0.578479528427124 149.022766113281 103867.4375
84 0.585265874862671 149.022766113281 102341.3125
85 0.5920689702034 149.022766113281 98704.8125
86 0.598855555057526 149.022766113281 94960
87 0.612394869327545 149.022766113281 91902.625
88 0.619181334972382 149.022766113281 89858.25
89 0.62598443031311 149.022766113281 88648.0625
90 0.632770836353302 149.022766113281 87736
91 0.639557182788849 149.022766113281 86857.875
92 0.646360218524933 149.022766113281 86030.375
93 0.653146624565125 149.022766113281 85119.4375
94 0.659949719905853 149.022766113281 84270.8125
95 0.666736304759979 149.022766113281 83676.4375
96 0.673505902290344 149.022766113281 83289.125
97 0.680325746536255 149.022766113281 83080.5
98 0.687112033367157 149.022766113281 83021.1875
99 0.693915128707886 149.022766113281 82820.8125
100 0.700701653957367 149.022766113281 82561.5625
101 0.707488059997559 149.022766113281 82322.75
102 0.714291095733643 149.022766113281 81961.75
103 0.721077501773834 149.022766113281 81615.6875
104 0.727880597114563 149.022766113281 81307.875
105 0.734666883945465 149.022766113281 80972.3125
106 0.741453289985657 149.022766113281 80810.8125
107 0.748256385326385 149.022766113281 80870.75
108 0.755042791366577 149.022766113281 81155.8125
109 0.761829316616058 149.022766113281 81427
110 0.768632352352142 149.022766113281 81563.4375
111 0.775418519973755 149.022766113281 81614.75
112 0.782405197620392 149.022766113281 81198.375
113 0.789274990558624 149.022766113281 80889.9375
114 0.796061336994171 149.022766113281 80610.0625
115 0.802847743034363 149.022766113281 80264.9375
116 0.809650897979736 149.022766113281 80385.9375
117 0.816437423229218 149.022766113281 80469.75
118 0.823223769664764 149.022766113281 80619.9375
119 0.830026924610138 149.022750854492 80747.9375
120 0.836813271045685 149.022750854492 80704.4375
121 0.843616306781769 149.022750854492 80718.625
122 0.850402772426605 149.022750854492 80773.5625
123 0.85717248916626 149.022750854492 80771.3125
124 0.863992154598236 149.022750854492 80557.9375
125 0.870778620243073 149.022750854492 80211.0625
126 0.877581655979156 149.022750854492 79648.8125
127 0.884368062019348 149.022750854492 79665.8125
128 0.891154408454895 149.022750854492 80028.875
129 0.897957503795624 149.022750854492 80447.6875
130 0.911496937274933 149.022750854492 81109.375
131 0.918283462524414 149.022750854492 80923.25
132 0.925086617469788 149.022750854492 80741.3125
133 0.931872844696045 149.022750854492 80737.125
134 0.938659310340881 149.022750854492 80578.1875
135 0.94546240568161 149.022750854492 80808.8125
136 0.952248752117157 149.022750854492 80817
137 0.959051966667175 149.022750854492 80629.625
138 0.965838372707367 149.022750854492 80563.5
139 0.972608029842377 149.022750854492 80624.4375
140 0.979427933692932 149.022750854492 80864.0625
141 0.986214101314545 149.022750854492 81279.5625
142 0.993017673492432 149.022750854492 81575.375
143 0.99980366230011 149.022750854492 81791
144 1.00657343864441 149.022750854492 81672.125
145 1.01339316368103 149.022750854492 81081.1875
146 1.02017962932587 149.022750854492 80521.75
147 1.02696597576141 149.022750854492 79558.25
148 1.0337690114975 149.022750854492 78734.25
149 1.04055535793304 149.022750854492 78359.6875
150 1.04735851287842 149.022750854492 77871.0625
151 1.05414485931396 149.022750854492 78174.25
152 1.06093144416809 149.022750854492 78809.8125
153 1.06773447990417 149.022750854492 79438.8125
154 1.07452082633972 149.022750854492 80714.75
155 1.08130729198456 149.022750854492 81718.9375
156 1.08811032772064 149.022750854492 82893.5625
157 1.09489667415619 149.022750854492 84378.25
158 1.10169982910156 149.022750854492 85683.5
159 1.1084862947464 149.022750854492 87491.5
160 1.1152560710907 149.022750854492 89505.125
161 1.12207579612732 149.022750854492 91720.375
162 1.12886214256287 149.022750854492 94230.875
163 1.13566517829895 149.022750854492 96542.125
164 1.14245164394379 149.022750854492 98415.6875
165 1.14923810958862 149.022735595703 99818.875
166 1.156041264534 149.022735595703 100744.8125
167 1.16282761096954 149.022735595703 101527.1875
168 1.16963064670563 149.022735595703 102576.6875
169 1.17641699314117 149.022735595703 103944.0625
170 1.18320345878601 149.022735595703 105356
171 1.19000649452209 331.173400878906 105955.875
172 1.19679284095764 149.022735595703 105497.625
173 1.21033239364624 331.173370361328 103536.125
174 1.21711885929108 331.173370361328 100080.875
175 1.22392189502716 149.022735595703 96009
176 1.23070824146271 149.022735595703 91568.25
177 1.23751127719879 149.022735595703 87463.4375
178 1.24429774284363 149.022735595703 84320.3125
179 1.25108420848846 149.022735595703 82117.25
180 1.25788724422455 149.022735595703 80908
181 1.26467370986938 149.022735595703 80649.375
182 1.27146005630493 149.022735595703 81228.8125
183 1.27826309204102 149.022735595703 82827.8125
184 1.28504943847656 149.022735595703 85544.75
185 1.29185259342194 149.022735595703 89042.5
186 1.29863917827606 149.022735595703 93105.4375
187 1.30540871620178 149.022735595703 97063
188 1.31222856044769 149.022735595703 100183.125
189 1.31901490688324 149.022735595703 102548.5
190 1.32581806182861 149.022735595703 103989.3125
191 1.33260440826416 149.022735595703 104778.625
192 1.339390873909 149.022735595703 105591.875
193 1.34619390964508 149.022735595703 106413.0625
194 1.35298037528992 149.022735595703 107412.625
195 1.35976672172546 149.022735595703 108399.9375
196 1.36656975746155 149.022735595703 108786.1875
197 1.37335622310638 149.022735595703 108337.75
198 1.38015925884247 149.022735595703 106554.1875
199 1.38694560527802 149.022735595703 103512.8125
200 1.39373219013214 149.022735595703 99557.75
201 1.40053534507751 149.022735595703 95081
202 1.40732157230377 149.022735595703 90856.8125
203 1.41410791873932 149.022735595703 87299.75
204 1.4209109544754 149.022735595703 84470.5625
205 1.42769742012024 149.022735595703 82490.5
206 1.43450057506561 149.022735595703 81040.6875
207 1.44128704071045 149.022735595703 79764.4375
208 1.44805669784546 149.022735595703 78698.3125
209 1.45487642288208 149.022735595703 77394.3125
210 1.46166288852692 149.022735595703 76028.375
211 1.46846604347229 149.022735595703 74936.0625
212 1.47525227069855 149.022735595703 73986.9375
213 1.48203873634338 149.022735595703 73688.1875
214 1.48884177207947 149.022735595703 74049.9375
215 1.49562835693359 149.022735595703 74699.875
216 1.50916767120361 149.022735595703 75848.1875
217 1.51595413684845 149.022735595703 77074.25
218 1.52275717258453 149.022735595703 78096.375
219 1.52954351902008 149.022735595703 79049.375
220 1.53634667396545 149.022735595703 79823.6875
221 1.54313325881958 149.022735595703 80460.0625
222 1.54991948604584 149.022735595703 80903.875
223 1.55672252178192 149.022735595703 81367.25
224 1.56350898742676 149.022735595703 81643.375
225 1.5702953338623 149.022735595703 81795.4375
226 1.57709848880768 149.022735595703 82320.3125
227 1.58388495445251 149.022735595703 83326.875
228 1.5906879901886 149.022735595703 85592
229 1.59747433662415 149.022735595703 90013
230 1.60424411296844 149.022735595703 96266.1875
231 1.61106383800507 149.022720336914 104054.375
232 1.6178503036499 149.022720336914 113138.4375
233 1.62465333938599 208.132385253906 121876.9375
234 1.63143980503082 208.132385253906 130665.8125
235 1.63822627067566 163.074188232422 139313.4375
236 1.64502930641174 208.132385253906 146178.625
237 1.65181565284729 208.132385253906 151704.25
238 1.65860199928284 163.074188232422 153899.25
239 1.66540539264679 208.132385253906 151929.8125
240 1.67219150066376 208.132385253906 145898.875
241 1.67899537086487 208.132385253906 135986.5
242 1.68582880496979 208.132385253906 124291.875
243 1.69256734848022 149.022720336914 112441.0625
244 1.6993705034256 149.022720336914 103009.875
245 1.70615696907043 149.022720336914 96430.4375
246 1.71292674541473 149.022720336914 92689.9375
247 1.71974635124207 149.022720336914 91264.5625
248 1.72653293609619 149.022720336914 90704.25
249 1.73333597183228 149.022720336914 90676.375
250 1.74012231826782 149.022720336914 90709.4375
251 1.74689197540283 149.022720336914 90564.75
252 1.75371181964874 149.022720336914 90601.875
253 1.76049828529358 149.022720336914 90773.1875
254 1.76730144023895 149.022720336914 90878.5
255 1.7740877866745 149.022720336914 91386.9375
256 1.78085744380951 149.022720336914 91668.0625
257 1.78767716884613 149.022720336914 91875
258 1.79446351528168 149.022720336914 92286.375
259 1.80800294876099 149.022720336914 92459.5625
260 1.81478941440582 149.022720336914 92742.5
261 1.8215925693512 149.022720336914 93017.4375
262 1.82837903499603 149.022720336914 93243.8125
263 1.83518207073212 149.022720336914 93363.8125
264 1.84196841716766 149.022720336914 93572.5
265 1.84875476360321 149.022720336914 94012.5
266 1.85555779933929 149.022720336914 94849.375
267 1.86234438419342 149.022720336914 97397.125
268 1.86913084983826 149.022720336914 103568.3125
269 1.87593388557434 149.022720336914 116061.1875
270 1.88272023200989 149.022720336914 138362.375
271 1.88952326774597 290.138763427734 172051.3125
272 1.89630973339081 290.138763427734 212273.4375
273 1.90307950973511 290.138763427734 251660.375
274 1.90989923477173 290.138763427734 278604.9375
275 1.91668570041656 290.138763427734 283796.875
276 1.92345523834229 290.138763427734 268464.6875
277 1.9302750825882 290.138763427734 236972.625
278 1.93710958957672 290.138763427734 200363.3125
279 1.94386458396912 290.138763427734 167699.3125
280 1.95065093040466 149.022720336914 142266.75
281 1.95743751525879 149.022720336914 126266.375
282 1.96425712108612 149.022720336914 117044.25
283 1.97102701663971 149.022720336914 112538.625
284 1.97783005237579 149.022720336914 110864.75
285 1.98461639881134 149.022720336914 110113.3125
286 1.99140286445618 149.022720336914 110134.375
287 1.99820590019226 149.022720336914 110334.6875
288 2.00499224662781 149.022720336914 110988.8125
289 2.01177883148193 149.022720336914 111962.1875
290 2.01858186721802 149.022720336914 112830.9375
291 2.02536821365356 149.022720336914 113965.125
292 2.03217196464539 149.022720336914 114842.9375
293 2.03895783424377 149.022720336914 115749.8125
294 2.04572749137878 149.022720336914 116935.4375
295 2.05254721641541 149.022720336914 117973.125
296 2.05933356285095 149.022720336914 119386
297 2.06612014770508 149.022720336914 120968
298 2.07292318344116 149.022720336914 122372.5625
299 2.07970952987671 149.022720336914 123688.5625
300 2.08651256561279 149.022720336914 125271.5625
301 2.09329891204834 149.022720336914 126689.0625
302 2.10061883926392 149.022705078125 128022.0625
303 2.11417579650879 149.022705078125 129865.75
304 2.12092804908752 149.022705078125 131146.9375
305 2.12773132324219 149.022705078125 134392.25
306 2.13451862335205 149.022705078125 144237.9375
307 2.14132070541382 149.022705078125 168500.125
308 2.14810705184937 304.154235839844 213232.375
309 2.15487694740295 304.154235839844 279315.9375
310 2.16169667243958 304.154235839844 352070.75
311 2.16848301887512 304.154235839844 409384.25
312 2.17528605461121 304.154235839844 434235.6875
313 2.18210244178772 304.154235839844 415568
314 2.18885898590088 304.154235839844 366807.375
315 2.19566202163696 304.154235839844 306431.875
316 2.20244836807251 304.154235839844 251363.6875
317 2.20923495292664 304.154235839844 212525.75
318 2.21603798866272 304.154235839844 189091.0625
319 2.22282433509827 149.022705078125 177484.4375
320 2.22962737083435 149.022705078125 172438.9375
321 2.2364137172699 149.022705078125 171306.25
322 2.24320006370544 149.022705078125 171569.1875
323 2.25000333786011 149.022705078125 171954.1875
324 2.25678992271423 149.022705078125 172473.875
325 2.2635760307312 149.022705078125 173160.25
326 2.27037930488586 149.022705078125 173938.75
327 2.27716565132141 149.022705078125 175093.5625
328 2.2839686870575 149.022705078125 176520.3125
329 2.29075503349304 149.022705078125 177591.3125
330 2.29752492904663 149.022705078125 178295.125
331 2.30434441566467 149.022705078125 178658.5
332 2.3111310005188 149.022705078125 178455.3125
333 2.31793403625488 149.022705078125 178402.5
334 2.32472062110901 149.022705078125 178583
335 2.33150672912598 149.022705078125 178700.4375
336 2.33830976486206 149.022705078125 179408.5
337 2.34509634971619 149.022705078125 181288.875
338 2.35188269615173 149.022705078125 189610.4375
339 2.3586859703064 149.022705078125 212825.4375
340 2.36547231674194 318.169189453125 256921.5625
341 2.37227535247803 318.169189453125 322160.8125
342 2.37906169891357 318.169189453125 396902.875
343 2.38584804534912 318.169189453125 448587.0625
344 2.39265108108521 318.169189453125 460779.5
345 2.39943766593933 318.169189453125 427289.875
346 2.41299366950989 318.169189453125 355391.875
347 2.41979217529297 318.169189453125 284956.5
348 2.42658376693726 318.169189453125 229013.9375
349 2.43336963653564 318.169189453125 195123.8125
350 2.44015598297119 149.022689819336 182636.3125
351 2.44695901870728 149.022689819336 176742
352 2.4537456035614 149.022689819336 174604.5
353 2.46054863929749 149.022689819336 173610.125
354 2.46733522415161 149.022689819336 173658.375
355 2.47412133216858 149.022689819336 174157.375
356 2.48092436790466 149.022689819336 174153.875
357 2.48771095275879 149.022689819336 174254.5625
358 2.49451398849487 149.022689819336 174487.75
359 2.50130033493042 149.022689819336 174387
360 2.50808691978455 149.022689819336 175132
361 2.51488995552063 149.022689819336 175746.25
362 2.52167630195618 149.022689819336 176189.75
363 2.52847933769226 149.022689819336 176597.8125
364 2.53526568412781 149.022689819336 176268.3125
365 2.54205226898193 149.022689819336 175882.375
366 2.54885530471802 149.022689819336 175064.375
367 2.55564165115356 149.022689819336 174022.25
368 2.56241130828857 149.022689819336 173300.5625
369 2.56923127174377 149.022689819336 172505.875
370 2.57601761817932 149.022689819336 172062.25
371 2.58280420303345 149.022689819336 171970
372 2.58960700035095 149.022689819336 171749
373 2.59639382362366 149.022689819336 171469.625
374 2.60319805145264 149.022689819336 171099.125
375 2.60998320579529 149.022689819336 171094.6875
376 2.61676955223083 149.022689819336 171423.875
377 2.62357234954834 149.022689819336 171936.75
378 2.63035893440247 149.022689819336 172648.875
379 2.63716197013855 149.022689819336 172465.3125
380 2.6439483165741 149.022689819336 171726.75
381 2.65073490142822 149.022689819336 171084.4375
382 2.65753793716431 149.022689819336 170264.4375
383 2.66432428359985 149.022689819336 169728.5
384 2.67112731933594 149.022689819336 169581.0625
385 2.67791366577148 149.022674560547 169045.75
386 2.68470025062561 149.022674560547 168694.8125
387 2.69150328636169 149.022674560547 168845
388 2.69828963279724 149.022674560547 169533.0625
389 2.71182918548584 149.022674560547 171003.5625
390 2.71861553192139 149.022674560547 172608.6875
391 2.72541856765747 149.022674560547 174153.25
392 2.7322051525116 149.022674560547 174978.75
393 2.73897480964661 149.022674560547 175599.6875
394 2.74579453468323 149.022674560547 175994.875
395 2.75258111953735 149.022674560547 176442.625
396 2.75938391685486 149.022674560547 177140.5625
397 2.76617026329041 149.022674560547 177495.3125
398 2.77294015884399 149.022674560547 178222.4375
399 2.77975988388062 149.022674560547 178878.75
400 2.78654670715332 149.022674560547 179401.3125
401 2.79334926605225 149.022674560547 180058.1875
402 2.80013537406921 149.022674560547 180165.1875
403 2.8069224357605 149.022674560547 179758.875
404 2.813725233078 149.022674560547 179289.3125
405 2.82051157951355 149.022674560547 178711.4375
406 2.82729816436768 149.022674560547 177995.25
407 2.83410120010376 149.022674560547 177363.75
408 2.84088754653931 149.022674560547 177060.9375
409 2.84769058227539 149.022674560547 176957.8125
410 2.85447692871094 149.022674560547 177968.5
411 2.86126327514648 149.022674560547 179968.375
412 2.86806654930115 149.022674560547 182341.375
413 2.87485289573669 149.022674560547 185053.3125
414 2.88163924217224 149.022674560547 187064.75
415 2.8884425163269 149.022674560547 188676.3125
416 2.89522981643677 408.222595214844 190007.875
417 2.90203166007996 408.222595214844 191096.8125
418 2.90881824493408 408.222595214844 192481
419 2.91558790206909 408.222595214844 193936.6875
420 2.92240786552429 408.222595214844 195605.5625
421 2.92919421195984 408.222595214844 197998.875
422 2.93599724769592 408.222595214844 201184.1875
423 2.94278383255005 408.222595214844 204894.25
424 2.9495701789856 452.249481201172 209454.875
425 2.95637321472168 452.249481201172 214679.1875
426 2.96315956115723 452.249450683594 219464.875
427 2.96996259689331 452.246765136719 224029
428 2.97674894332886 452.249450683594 227480.8125
429 2.98353552818298 496.274322509766 229382.75
430 2.99033856391907 496.274322509766 230559.0625
431 2.99712586402893 496.274322509766 230916.0625
432 3.01066422462463 540.303283691406 230862
433 3.01745080947876 540.300354003906 230447.9375
434 3.02425384521484 540.300354003906 229850
435 3.03104019165039 584.32763671875 229633.25
436 3.03784346580505 149.022659301758 229340.4375
437 3.04463005065918 149.022659301758 229355.375
438 3.05141615867615 149.022659301758 230259.625
439 3.05821919441223 149.022659301758 231908.25
440 3.06500577926636 149.022659301758 235455.875
441 3.07177543640137 684.416809082031 241319.25
442 3.07859516143799 149.022659301758 250008.8125
443 3.08538174629211 149.022659301758 262345.8125
444 3.0921847820282 728.441955566406 278643.0625
445 3.09897112846375 395.252166748047 298640.1875
446 3.10574078559875 395.252166748047 319955.9375
447 3.11256051063538 417.264434814453 341403.4375
448 3.1193470954895 417.264434814453 360248.625
449 3.12613344192505 417.264434814453 376791.75
450 3.13293647766113 439.276306152344 391208.3125
451 3.13973951339722 282.086090087891 401245.8125
452 3.14652609825134 282.086090087891 407279.0625
453 3.15331268310547 282.086090087891 405390.8125
454 3.16009879112244 282.086090087891 395314.375
455 3.16690182685852 282.086090087891 380327.1875
456 3.17368841171265 282.086090087891 363366.6875
457 3.18047475814819 287.057769775391 347037.8125
458 3.18727779388428 287.057769775391 333630.625
459 3.19406414031982 287.057769775391 320092.8125
460 3.20086717605591 287.057769775391 304211.25
461 3.20765376091003 287.057769775391 287777.8125
462 3.21442341804504 149.022659301758 272061.9375
463 3.22124481201172 149.022659301758 265392.75
464 3.22802972793579 149.022659301758 274104.0625
465 3.23483276367188 309.090057373047 300668.75
466 3.24161887168884 309.090057373047 341410.8125
467 3.24840545654297 309.090057373047 384178.8125
468 3.25520873069763 309.090057373047 415259.625
469 3.26199507713318 309.090057373047 423923.125
470 3.26879811286926 309.090057373047 409793.875
471 3.27558445930481 309.090057373047 379159.1875
472 3.28237080574036 316.048553466797 342272.75
473 3.28917407989502 316.048553466797 308385.6875
474 3.29596018791199 316.048553466797 280657.4375
475 3.30949974060059 316.048553466797 259983.5625
476 3.31628608703613 149.022659301758 245573.375
477 3.3230893611908 149.024215698242 236674.25
478 3.32987570762634 149.022659301758 232351.75
479 3.33667874336243 149.024215698242 231478.25
480 3.34346508979797 149.022659301758 232579.5
481 3.3502516746521 149.022659301758 234595.75
482 3.35705471038818 149.022659301758 237437.125
483 3.36384129524231 149.022659301758 241410.6875
484 3.37062692642212 149.022659301758 248348.875
485 3.37743067741394 149.022659301758 262661.5
486 3.38421702384949 314.092712402344 286901.375
487 3.39100337028503 314.092712402344 323140.5
488 3.39780640602112 314.092712402344 364408.3125
489 3.40459275245667 314.092712402344 398180
490 3.41139602661133 314.092712402344 414742.1875
491 3.41818237304688 314.092712402344 407363.5
492 3.42555546760559 314.092712402344 384980.4375
493 3.432288646698 314.092712402344 360784.125
494 3.43907523155212 314.092712402344 347132.5625
495 3.44587826728821 314.092712402344 349626.375
496 3.45266461372375 301.072265625 363464.3125
497 3.45946764945984 301.072265625 377458.1875
498 3.46625423431396 301.074462890625 382330.4375
499 3.47304058074951 301.072265625 374901.0625
500 3.4798436164856 301.074462890625 356216.375
501 3.48663020133972 301.074462890625 335254.625
502 3.49343323707581 301.074462890625 317158.875
503 3.50021934509277 149.022659301758 305185.375
504 3.50698924064636 149.022659301758 299796.9375
505 3.51380896568298 228.266738891602 297593
506 3.52062892913818 228.266738891602 297063.875
507 3.52739858627319 228.268646240234 296706.875
508 3.53418493270874 149.022659301758 296477.6875
509 3.54097127914429 149.022659301758 296726.125
510 3.54777431488037 230.246826171875 297321.8125
511 3.55456066131592 149.022659301758 298739.5
512 3.56136417388916 149.022659301758 300462.9375
513 3.56815075874329 149.022659301758 302623.1875
514 3.57493662834167 149.022659301758 305422.375
515 3.58173990249634 149.022659301758 307939.875
516 3.58852624893188 149.022659301758 309801.4375
517 3.59531283378601 304.282684326172 310101
518 3.60888528823853 149.022659301758 309349.75
519 3.61567163467407 149.022659301758 308910.3125
520 3.62247490882874 149.022644042969 310162.375
521 3.62926125526428 149.022644042969 315636.4375
522 3.63606429100037 330.262573242188 328633.875
523 3.64285087585449 330.262573242188 352831.1875
524 3.64963722229004 330.262573242188 392600.9375
525 3.65644025802612 285.078033447266 445101.875
526 3.66322684288025 285.078033447266 501195.3125
527 3.67001295089722 285.078033447266 549615
528 3.67681622505188 285.078033447266 578336.9375
529 3.68360257148743 285.078033447266 586835.4375
530 3.69038891792297 285.078033447266 579759.6875
531 3.69719195365906 285.078033447266 563395.3125
532 3.70402932167053 285.078033447266 542130.0625
533 3.71078157424927 387.180694580078 516151.0625
534 3.71756792068481 387.180694580078 487274.75
535 3.72435426712036 387.180694580078 456958
536 3.73115754127502 387.180694580078 429859.1875
537 3.73794388771057 149.022644042969 409284.4375
538 3.74474692344666 149.022644042969 395430
539 3.75153350830078 149.021102905273 387701
540 3.75831961631775 149.022644042969 384783.25
541 3.76512289047241 149.022644042969 384597.9375
542 3.77190923690796 149.022644042969 387127.375
543 3.77871227264404 149.022644042969 391844.125
544 3.78549861907959 149.022644042969 396760.8125
545 3.79228496551514 149.022644042969 402448.0625
546 3.7990882396698 149.022644042969 405752
547 3.80587458610535 149.022644042969 407305.8125
548 3.81266117095947 149.022644042969 410451.25
549 3.81946420669556 149.022644042969 413407.5625
550 3.8262505531311 252.119735717773 418165.5
551 3.83305358886719 149.022644042969 424759.8125
552 3.83983993530273 327.011749267578 430396.1875
553 3.84660983085632 329.005035400391 438077
554 3.85342955589294 327.007141113281 446525.625
555 3.86021590232849 329.005035400391 457239.6875
556 3.86701893806458 327.009460449219 469477.875
557 3.8738055229187 329.005035400391 481904
558 3.88057518005371 327.009460449219 502127.4375
559 3.88739490509033 327.009460449219 529975.3125
560 3.89418125152588 667.420715332031 574686.875
561 3.90770411491394 579.364440917969 638139.875
562 3.91450715065002 557.347778320313 716572.875
563 3.92131018638611 557.347778320313 805812
564 3.92809653282166 491.309478759766 897780.8125
565 3.93489980697632 491.309478759766 986399.25
566 3.94168615341187 469.296234130859 1071536.9375
567 3.94847249984741 788.484375 1156050.5625
568 3.95542860031128 557.347778320313 1240951.1875
569 3.96232891082764 535.336975097656 1335054.875
570 3.96911525726318 557.350769042969 1430231.3125
571 3.97590160369873 491.309448242188 1515090.0625
572 3.98270463943481 469.296203613281 1577029.3125
573 3.98955821990967 491.309448242188 1600240.375
574 3.99629402160645 469.296173095703 1580618.1875
575 4.00308036804199 788.480773925781 1526015.8125
576 4.0098671913147 788.480773925781 1437567.875
577 4.01667022705078 656.40185546875 1327360.6875
578 4.02345657348633 612.375671386719 1197037.0625
579 4.03025960922241 612.37255859375 1058361.1875
580 4.03704595565796 656.401794433594 929887.75
581 4.04383230209351 612.372497558594 812109.8125
582 4.05063533782959 568.349670410156 722891
583 4.05742168426514 568.349670410156 655441.25
584 4.0641918182373 568.346618652344 606020.875
585 4.07101154327393 612.375671386719 574421.4375
586 4.07779788970947 149.024154663086 552866.6875
587 4.08460092544556 149.021057128906 537272.625
588 4.0913872718811 149.024154663086 525557.0625
589 4.09815692901611 149.024154663086 515672.1875
590 4.10497665405273 225.090362548828 503888.5625
591 4.11176300048828 225.090362548828 495138
592 4.11856603622437 225.092269897461 484617.375
593 4.12535238265991 225.090362548828 474249.625
594 4.13213920593262 149.022598266602 467578.25
595 4.1389422416687 149.022598266602 459719.125
596 4.14572858810425 149.024139404297 454543.625
597 4.15251493453979 149.022598266602 451274.6875
598 4.15931797027588 354.285949707031 448507.25
599 4.16610431671143 337.103912353516 448797.75
600 4.17297506332397 149.059829711914 450390
601 4.17969369888306 354.283538818359 451424.875
602 4.18648052215576 337.103912353516 450583.1875
603 4.19328355789185 354.285919189453 446288.875
604 4.20006990432739 354.285919189453 439277.4375
605 4.21360921859741 354.285919189453 432082.3125
606 4.2204122543335 354.281127929688 425382.6875
607 4.22721529006958 279.228698730469 421759.75
608 4.23400163650513 279.230804443359 421345.5625
609 4.24078798294067 149.024124145508 421799.9375
610 4.24759149551392 149.022567749023 424619
611 4.25437784194946 279.228668212891 427330.9375
612 4.26118135452271 149.022567749023 430228.5
613 4.26796722412109 279.23291015625 434098.25
614 4.27475357055664 149.022567749023 434809.25
615 4.28155660629272 279.23291015625 435923.5
616 4.28834295272827 149.024108886719 435488.75
617 4.29514598846436 149.022567749023 433986.6875
618 4.30193281173706 690.49755859375 435218.625
619 4.30871915817261 690.500915527344 434789.0625
620 4.31552219390869 690.500854492188 434460
621 4.32230854034424 646.472595214844 433055.5625
622 4.32911109924316 646.472595214844 429928.75
623 4.33589839935303 646.472595214844 427620.1875
624 4.34268426895142 149.022552490234 425070.25
625 4.34948778152466 149.022552490234 424456
626 4.35627412796021 149.02099609375 425611.5625
627 4.36304378509521 149.02409362793 426787
628 4.36986351013184 149.02099609375 429896.4375
629 4.37664985656738 332.328033447266 432447.6875
630 4.38343620300293 279.230743408203 434708.75
631 4.39023923873901 149.02409362793 437143.8125
632 4.39702558517456 279.230743408203 437823.5
633 4.40382862091064 279.232879638672 438496.25
634 4.41061496734619 149.022537231445 437610.9375
635 4.41740131378174 284.33154296875 436677.125
636 4.42420482635498 284.33154296875 436645.4375
637 4.43099117279053 284.329406738281 437919.875
638 4.43779420852661 284.329406738281 443850.9375
639 4.44458055496216 284.33154296875 453135.8125
640 4.45136690139771 327.075836181641 466791.0625
641 4.45816993713379 327.078125 481793.125
642 4.46495628356934 327.078125 495014.875
643 4.47175979614258 327.078125 506990.9375
644 4.47854614257813 327.078125 513344.3125
645 4.48566579818726 327.078125 521104.8125
646 4.49238538742065 327.078125 530700.875
647 4.49918842315674 327.078125 543997.375
648 4.51281118392944 675.415710449219 567261.875
649 4.51959800720215 653.405944824219 595851.8125
650 4.52640104293823 675.422302246094 632618.3125
651 4.53318738937378 653.402709960938 676402.9375
652 4.53997373580933 631.393493652344 727755.25
653 4.54677677154541 631.390319824219 785455.25
654 4.55356311798096 609.378601074219 851645.125
655 4.56036615371704 675.917785644531 925183.75
656 4.56715297698975 653.405883789063 997386.3125
657 4.57392263412476 631.393493652344 1072887.6875
658 4.58074235916138 609.378601074219 1145603.125
659 4.58752870559692 609.378540039063 1221597.75
660 4.59433174133301 587.366149902344 1304955.0625
661 4.60111808776855 587.366149902344 1390162.9375
662 4.6079044342041 565.353637695313 1472950.3125
663 4.61470746994019 587.366149902344 1546658.9375
664 4.62149381637573 565.353637695313 1611006.75
665 4.62829685211182 543.340759277344 1659970.1875
666 4.63508367538452 521.326721191406 1699106.9375
667 4.64187002182007 521.326721191406 1722708.4375
668 4.64867305755615 499.313385009766 1720891.5
669 4.6554594039917 499.313385009766 1710197.3125
670 4.66224575042725 521.326721191406 1684926.625
671 4.66904926300049 499.313385009766 1647571.625
672 4.67583513259888 892.540344238281 1620886.1875
673 4.68262147903442 848.514221191406 1585800.1875
674 4.68942499160767 848.514221191406 1550780.125
675 4.69621133804321 848.514221191406 1523246.375
676 4.7030143737793 760.46240234375 1489651.875
677 4.70980072021484 760.46240234375 1461126.4375
678 4.71658706665039 804.490966796875 1436606.625
679 4.72339010238647 760.46240234375 1407574.5625
680 4.73017644882202 716.4375 1373181.75
681 4.73698139190674 716.4375 1335064.9375
682 4.74376630783081 672.409912109375 1287710.5625
683 4.7505521774292 672.409912109375 1240620.625
684 4.75735569000244 672.409851074219 1201964.8125
685 4.76414203643799 628.385498046875 1167137.375
686 4.77094554901123 584.357543945313 1141926.5
687 4.77773141860962 584.357543945313 1119082.4375
688 4.78451776504517 584.357543945313 1092557.0625
689 4.79132080078125 584.357543945313 1061372
690 4.7981071472168 540.33203125 1026609.5625
691 4.81167984008789 540.33203125 994138.5
692 4.81848335266113 908.550537109375 966456.6875
693 4.82528591156006 419.317230224609 952978.3125
694 4.83207273483276 419.314636230469 951191.75
695 4.83885908126831 149.022445678711 954075.5625
696 4.84566211700439 149.0224609375 953319.875
697 4.85244846343994 149.0224609375 937774.625
698 4.85925197601318 149.0224609375 905358.625
699 4.86603832244873 149.0224609375 859167.625
700 4.87280797958374 149.024002075195 807418.125
701 4.87962770462036 149.0224609375 761389.0625
702 4.88641405105591 149.0224609375 724142.4375
703 4.89321708679199 419.317260742188 703186.4375
704 4.90000295639038 419.314666748047 700660.25
705 4.90677309036255 663.453063964844 706840.875
706 4.91359281539917 419.314666748047 725653.75
707 4.92037916183472 586.448547363281 749019.25
708 4.9271821975708 419.317291259766 772193.5625
709 4.93396902084351 586.451599121094 801014.5625
710 4.94075536727905 542.425720214844 825907.875
711 4.94755840301514 542.425720214844 846600.5625
712 4.95434474945068 542.425720214844 861949.8125
713 4.96113109588623 498.399353027344 868673.5
714 4.96793413162231 498.399353027344 871163.6875
715 4.97472095489502 498.396514892578 871718.75
716 4.98150730133057 498.399353027344 872834.75
717 4.98831033706665 498.396514892578 876464.9375
718 4.9950966835022 498.399353027344 882593.5
719 5.00189971923828 705.937805175781 893967.0625
720 5.00868606567383 683.425537109375 909313.9375
721 5.01547241210938 683.422180175781 929180.1875
722 5.02227544784546 683.425537109375 955222.375
723 5.02906179428101 661.408752441406 983418.1875
724 5.03586530685425 661.408752441406 1012776.125
725 5.04265165328979 639.398986816406 1041856.9375
726 5.04943799972534 639.398986816406 1070857.5
727 5.05624103546143 639.395751953125 1098407.5
728 5.06302738189697 595.367492675781 1127189.5
729 5.06983041763306 617.385803222656 1154298.1875
730 5.0766167640686 595.37060546875 1176442.9375
731 5.08340311050415 595.37060546875 1204637.4375
732 5.09020614624023 595.37060546875 1229078.625
733 5.09699249267578 595.37060546875 1257287.0625
734 5.11053228378296 551.341857910156 1283093.0625
735 5.11731863021851 573.356323242188 1289006
736 5.12412166595459 551.344848632813 1289300.1875
737 5.13090801239014 551.344848632813 1273177.25
738 5.13771104812622 551.344848632813 1257620.25
739 5.14449739456177 996.602783203125 1250780
740 5.15128374099731 952.577697753906 1252563.75
741 5.1580867767334 908.550842285156 1267204.625
742 5.1648736000061 908.550842285156 1282453.4375
743 5.17164325714111 952.577758789063 1294762
744 5.17846298217773 908.550903320313 1300740.125
745 5.18524932861328 908.550903320313 1300287.625
746 5.19205236434937 864.526489257813 1295420.75
747 5.19883871078491 864.522766113281 1293650.625
748 5.20560884475708 864.526489257813 1287690.8125
749 5.2124285697937 820.495666503906 1283184.5625
750 5.21921491622925 820.499267578125 1279703.4375
751 5.22601795196533 820.5029296875 1269075.75
752 5.23280429840088 776.474792480469 1258822.375
753 5.23959064483643 732.449645996094 1246856.125
754 5.24639368057251 419.314819335938 1237223.625
755 5.25318050384521 663.453247070313 1234545.3125
756 5.25996685028076 688.418395996094 1233164.9375
757 5.26676940917969 419.312225341797 1229686.125
758 5.27355623245239 663.450012207031 1217532.5
759 5.28035926818848 468.387725830078 1198752.5
760 5.28714609146118 468.390502929688 1175324.5
761 5.29393196105957 468.387756347656 1142893.875
762 5.30073499679565 663.450012207031 1105142
763 5.3075213432312 424.363037109375 1060761.625
764 5.31430768966675 424.363037109375 1014469.875
765 5.32111072540283 663.453308105469 981345.375
766 5.32789707183838 251.045104980469 966877.8125
767 5.33470010757446 251.047119140625 981563.4375
768 5.34148693084717 251.045104980469 1024307.75
769 5.34825658798218 251.045104980469 1094352.375
770 5.3550763130188 251.045104980469 1185340.9375
771 5.36186265945435 281.051574707031 1283371.9375
772 5.36866569519043 281.049438476563 1370815.1875
773 5.37545204162598 371.101257324219 1415986.0625
774 5.38223886489868 371.101257324219 1410285.125
775 5.38904190063477 371.101257324219 1344949.9375
776 5.39582824707031 281.051574707031 1246188.3125
777 5.40938425064087 663.450073242188 1146659.3125
778 5.41617059707642 663.453369140625 1064049.3125
779 5.4229736328125 663.450134277344 1013763.875
780 5.42975997924805 419.314880371094 989415.25
781 5.43656301498413 663.450134277344 982457.6875
782 5.44334936141968 663.450134277344 991264.875
783 5.45013618469238 663.450134277344 1011861.1875
784 5.45693922042847 663.453430175781 1039826.1875
785 5.46372556686401 663.450134277344 1075451.375
786 5.47051191329956 663.453430175781 1107456.375
787 5.47731494903564 663.453430175781 1140184.0625
788 5.48410129547119 482.403137207031 1173039.6875
789 5.49090433120728 419.314910888672 1201048.75
790 5.49769067764282 438.378784179688 1229175.75
791 5.50446081161499 663.453430175781 1248562.4375
792 5.51128053665161 663.453430175781 1254508.75
793 5.51806688308716 438.376129150391 1254267.25
794 5.52486991882324 663.4501953125 1244390.4375
795 5.53165626525879 663.456726074219 1228895.375
796 5.5384259223938 663.453430175781 1213071
797 5.54524755477905 663.453430175781 1192345
798 5.55203247070313 663.453491210938 1169090.75
799 5.55881881713867 663.456726074219 1142474.125
800 5.56562185287476 419.31494140625 1114896.625
801 5.5724081993103 663.453491210938 1089348.6875
802 5.57927799224854 663.4501953125 1066322.5
803 5.58599758148193 663.453491210938 1051221.6875
804 5.59278392791748 663.453491210938 1042296.1875
805 5.59958696365356 663.456787109375 1037990
806 5.60637331008911 663.453491210938 1038448.0625
807 5.6131763458252 663.453491210938 1038270.5625
808 5.6199631690979 663.453491210938 1037443.75
809 5.62674951553345 663.453491210938 1036479.25
810 5.63355255126953 663.450256347656 1038079.25
811 5.64033889770508 663.453491210938 1043084
812 5.64710855484009 663.450256347656 1047509.5
813 5.65392827987671 663.456787109375 1051068.1875
814 5.66071462631226 315.251312255859 1046173.375
815 5.66751766204834 663.453552246094 1037164.8125
816 5.67430400848389 663.453552246094 1027911.6875
817 5.6810736656189 315.251312255859 1019786.4375
818 5.68789434432983 663.453552246094 1017920.0625
819 5.69468021392822 663.453552246094 1017549.6875
820 5.70821952819824 663.453552246094 1020437.1875
821 5.71500587463379 663.450317382813 1019853.875
822 5.72180938720703 663.453552246094 1018008.25
823 5.72859525680542 663.450317382813 1011994.875
824 5.7353982925415 419.315002441406 997117.375
825 5.74218511581421 663.450317382813 974528.5625
826 5.74897146224976 419.315002441406 946717.6875
827 5.75577449798584 663.450317382813 913964.3125
828 5.76267242431641 663.45361328125 877418.0625
829 5.76934719085693 663.45361328125 844816.5
830 5.77615022659302 663.447021484375 804680.75
831 5.78293657302856 663.447082519531 765493.125
832 5.78974103927612 475.297760009766 723359
833 5.79652547836304 475.297760009766 672722.375
834 5.80384588241577 663.450317382813 622656.125
835 5.81063270568848 663.450317382813 565640.5625
836 5.81741905212402 663.456909179688 513282.25
837 5.82422208786011 452.395202636719 467970.3125
838 5.83100843429565 663.447082519531 427928.75
839 5.83781147003174 149.024139404297 397038.75
840 5.84459829330444 452.395202636719 368328.625
841 5.85138416290283 452.392517089844 342241.125
842 5.85818767547607 149.022598266602 318471
843 5.86497402191162 452.392517089844 296669.9375
844 5.87177705764771 149.022598266602 278258.6875
845 5.87856340408325 245.076416015625 261743.0625
846 5.8853497505188 149.024154663086 247916.3125
847 5.89215278625488 149.022598266602 235835.25
848 5.89893960952759 149.022598266602 224686.75
849 5.90570878982544 149.022598266602 214447.25
850 5.91252899169922 149.022598266602 204147
851 5.91931533813477 149.021057128906 194162.5625
852 5.92611837387085 149.022598266602 184784.5
853 5.93290424346924 149.022598266602 176574.3125
854 5.93967437744141 149.022613525391 169788.875
855 5.94649410247803 149.022613525391 163896.6875
856 5.95328044891357 149.022613525391 158564.0625
857 5.96008348464966 149.022613525391 153796.3125
858 5.96687030792236 149.021057128906 149208.0625
859 5.97365617752075 149.022613525391 145313.875
860 5.98045969009399 149.022613525391 141714.625
861 5.98724603652954 149.022613525391 137910.0625
862 5.99403238296509 149.022613525391 134199.625
863 6.00757169723511 149.022613525391 130261.75
864 6.01437473297119 149.022613525391 126393.0625
865 6.02117824554443 149.022613525391 123335.875
866 6.02796459197998 149.022613525391 120595.9375
867 6.03475093841553 149.022613525391 118127.8125
868 6.04155397415161 149.022613525391 116239.75
869 6.04834032058716 149.022613525391 114266.0625
870 6.05514335632324 149.022613525391 112688.25
871 6.06192970275879 149.022613525391 111629.5
872 6.06871604919434 149.022613525391 110707.5625
873 6.07551908493042 149.02262878418 109880.875
874 6.08230543136597 149.02262878418 109058.875
875 6.08909177780151 149.02262878418 108060.5
876 6.09589529037476 149.02262878418 107023
877 6.1026816368103 149.02262878418 106353
878 6.10948467254639 149.02262878418 105852.9375
879 6.11627101898193 149.02262878418 105620.875
880 6.12304067611694 149.02262878418 105521.5625
881 6.12986040115356 149.02262878418 105249
882 6.13664674758911 149.02262878418 104856.0625
883 6.1434497833252 149.02262878418 104373.3125
884 6.1502366065979 149.02262878418 103909.9375
885 6.15700626373291 149.02262878418 103569.5625
886 6.16382598876953 149.02262878418 103322.5
887 6.17061233520508 149.02262878418 102881.9375
888 6.17741537094116 149.02262878418 102421.375
889 6.18420171737671 149.02262878418 101575.625
890 6.19098806381226 149.02262878418 100580.5625
891 6.1977915763855 149.02262878418 99857.8125
892 6.20457792282104 149.022644042969 99012.5625
893 6.21136426925659 149.022644042969 98627.8125
894 6.21816730499268 149.022644042969 98409.6875
895 6.22495365142822 149.022644042969 98233.3125
896 6.23175668716431 149.022644042969 98227.875
897 6.23854303359985 149.022644042969 98019.0625
898 6.2453293800354 149.022644042969 97792.875
899 6.25213241577148 149.022644042969 97331.875
900 6.25891876220703 149.022644042969 96804.5
901 6.26570701599121 149.022644042969 96309.6875
902 6.27250862121582 149.022644042969 95731.3125
903 6.27929496765137 149.022644042969 95321.5
904 6.28609800338745 149.022644042969 95058.5
905 6.292884349823 149.022644042969 94970.8125
906 6.29967069625854 149.022644042969 95101.375
907 6.3132266998291 149.022644042969 95215.9375
908 6.32001304626465 149.022644042969 94948
909 6.32681655883789 149.022644042969 94220.5
910 6.33360290527344 149.022644042969 93279.3125
911 6.34037208557129 149.022659301758 92094.375
912 6.34719228744507 149.022659301758 91280.875
913 6.35397863388062 149.022659301758 90841.25
914 6.3607816696167 149.022659301758 90646.4375
915 6.36756801605225 149.022659301758 90695.5625
916 6.37435483932495 149.022659301758 90638.5625
917 6.38115739822388 149.022659301758 90598.75
918 6.38794422149658 149.022659301758 90148.3125
919 6.39474725723267 149.022659301758 89743.1875
920 6.40153360366821 149.022659301758 89358.6875
921 6.40832042694092 149.022659301758 88889.5
922 6.41512298583984 149.022659301758 88821
923 6.42190933227539 149.022659301758 88715.75
924 6.42869567871094 149.022659301758 88668.0625
925 6.43549966812134 149.022659301758 88695.3125
926 6.44228553771973 149.022659301758 88548.6875
927 6.44908857345581 149.022659301758 88486.4375
928 6.45587491989136 149.022659301758 88441.75
929 6.46264457702637 149.022659301758 88249.6875
930 6.46946430206299 149.022674560547 88104.875
931 6.47625064849854 149.022674560547 88001.6875
932 6.48303699493408 149.022674560547 87597.375
933 6.48984003067017 149.022674560547 87275.875
934 6.49662685394287 149.022674560547 87030.6875
935 6.50342988967896 149.022674560547 86535.6875
936 6.5102162361145 149.022674560547 86391.5625
937 6.51700258255005 149.022674560547 86511.1875
938 6.52380561828613 149.022674560547 86565.875
939 6.53059196472168 149.022674560547 86870.9375
940 6.53739500045776 149.022674560547 87141.4375
941 6.54418134689331 149.022674560547 87316.625
942 6.55096769332886 149.022674560547 87608.6875
943 6.55777072906494 149.022674560547 87785.5625
944 6.56455755233765 149.022674560547 87812.8125
945 6.57136058807373 149.022674560547 87504.625
946 6.57814693450928 149.022674560547 86986.3125
947 6.58493328094482 149.022674560547 86443
948 6.59193706512451 149.022674560547 86147.9375
949 6.59878969192505 149.022674560547 86013.3125
950 6.61232900619507 149.022689819336 86049.25
951 6.61911535263062 149.022689819336 86033.625
952 6.6259183883667 149.022689819336 85653.1875
953 6.6327052116394 149.022689819336 85197.1875
954 6.63947486877441 149.022689819336 84548.5
955 6.64629411697388 149.022689819336 84177.9375
956 6.65308094024658 149.022689819336 84139.4375
957 6.65988397598267 149.022689819336 84411.625
958 6.66667032241821 149.022689819336 84882.875
959 6.67343997955322 149.022689819336 85157.5
960 6.68025970458984 149.022689819336 85140.125
961 6.68704605102539 149.022689819336 84971.0625
962 6.69384908676147 149.022689819336 84666.8125
963 6.70063591003418 149.022689819336 84300.9375
964 6.70742225646973 149.022689819336 84318.3125
965 6.71422529220581 149.022689819336 84190.4375
966 6.72101163864136 149.022689819336 84269.5625
967 6.7277979850769 149.022689819336 84458.8125
968 6.73460102081299 149.022689819336 84255.0625
969 6.74138736724854 149.022689819336 84332.0625
970 6.74819040298462 149.022689819336 84223.3125
971 6.75497722625732 149.022689819336 84113.5
972 6.76176357269287 149.022689819336 84289.625
973 6.76856660842896 149.022689819336 84111.1875
974 6.7753529548645 149.022689819336 83921.125
975 6.78213930130005 149.022689819336 83633.1875
976 6.78894233703613 149.022689819336 83319.75
977 6.79572868347168 149.022689819336 83224.625
978 6.80253171920776 149.022689819336 83191.875
979 6.80931806564331 149.022689819336 83050.25
980 6.81608819961548 149.022689819336 82851.9375
981 6.8229079246521 149.022689819336 82674.5
982 6.82969427108765 149.022689819336 82578.625
983 6.83649730682373 149.022689819336 82834.5625
984 6.84328365325928 149.022689819336 82993.6875
985 6.85006999969482 149.022689819336 83176.3125
986 6.85687303543091 149.022689819336 83250.6875
987 6.86365938186646 149.022689819336 83214.8125
988 6.87046241760254 149.022689819336 83218.9375
989 6.87724924087524 149.022689819336 83161.25
990 6.88403558731079 149.022689819336 83312.875
991 6.89083862304688 149.022689819336 83266.5
992 6.89762496948242 149.022689819336 83174.625
993 6.91116428375244 149.022689819336 83097.375
994 6.91795063018799 149.022689819336 82740.9375
995 6.92475414276123 149.022689819336 82601.5625
996 6.93154048919678 149.022689819336 82668.5
997 6.93834352493286 149.022689819336 82844.0625
998 6.94512987136841 149.022689819336 83057.375
999 6.95191621780396 149.022689819336 83463.3125
1000 6.95871925354004 149.022689819336 83729.4375
1001 6.96550559997559 149.022689819336 83676.9375
1002 6.9722752571106 149.022705078125 83649.125
1003 6.97909498214722 149.022705078125 83205.0625
1004 6.98588132858276 149.022705078125 82787.625
1005 6.99268436431885 149.022705078125 82650.8125
1006 6.99947118759155 149.022705078125 82711.5625
1007 7.00624084472656 149.022705078125 82912.4375
1008 7.01306056976318 149.022705078125 83123.875
1009 7.01984691619873 149.022705078125 83129.3125
1010 7.02664995193481 149.022705078125 82959.0625
1011 7.03343629837036 149.022705078125 82796.625
1012 7.04022312164307 149.022705078125 82651.75
1013 7.04702615737915 149.022705078125 82574.375
1014 7.0538125038147 149.022705078125 82425.375
1015 7.06059885025024 149.022705078125 82272.125
1016 7.06740188598633 149.022705078125 82033.0625
1017 7.07418823242188 149.022705078125 81998.875
1018 7.08097457885742 149.022705078125 82051.6875
1019 7.08777761459351 149.022705078125 81979.375
1020 7.09456396102905 149.022705078125 81870.75
1021 7.10136747360229 149.022705078125 81606.375
1022 7.10815382003784 149.022705078125 81314.6875
1023 7.11492347717285 149.022705078125 81355.625
1024 7.12200975418091 149.022705078125 81470.125
1025 7.12879610061646 149.022705078125 81475.6875
1026 7.135582447052 149.022705078125 81657.625
1027 7.14238595962524 149.022705078125 81545.4375
1028 7.14917230606079 149.022705078125 81715.5
1029 7.1559419631958 149.022705078125 81980.125
1030 7.16276168823242 149.022705078125 82072.0625
1031 7.16954803466797 149.022705078125 82156.5
1032 7.17635107040405 149.022705078125 81864
1033 7.1831374168396 149.022705078125 81898.9375
1034 7.18990707397461 149.022705078125 82092.5625
1035 7.19672727584839 149.022705078125 82598.5
1036 7.21026659011841 149.022705078125 83158.0625
1037 7.21705293655396 149.022705078125 83322.6875
1038 7.22385597229004 149.022705078125 83015.875
1039 7.23064231872559 149.022705078125 82356.75
1040 7.23744535446167 149.022705078125 81681.8125
1041 7.24423217773438 149.022705078125 80823.75
1042 7.25101804733276 149.022705078125 80310.8125
1043 7.25782155990601 149.022705078125 79879.8125
1044 7.26460790634155 149.022705078125 79652.9375
1045 7.27137756347656 149.022705078125 79879.5
1046 7.27819728851318 149.022705078125 80174
1047 7.28498363494873 149.022705078125 80653.625
1048 7.29176998138428 149.022705078125 80957.6875
1049 7.29857301712036 149.022705078125 80990.625
1050 7.30535936355591 149.022705078125 80898.375
1051 7.31216287612915 149.022705078125 80595.1875
1052 7.3189492225647 149.022705078125 80296.5625
1053 7.32573556900024 149.022705078125 80009.5
1054 7.33253860473633 149.022705078125 79841.4375
1055 7.33932495117188 149.022705078125 79779
1056 7.34612798690796 149.022705078125 79838.25
1057 7.35293245315552 149.022720336914 80150.6875
1058 7.35970115661621 149.022720336914 80467.25
1059 7.36650419235229 149.022720336914 80774.5625
1060 7.37329053878784 149.022720336914 80864.8125
1061 7.38009357452393 149.022720336914 80624.4375
1062 7.38687992095947 149.022720336914 80323.3125
1063 7.39366626739502 149.022720336914 80179.0625
1064 7.4004693031311 149.022720336914 80400.1875
1065 7.40725564956665 149.022720336914 80986.4375
1066 7.41402530670166 149.022720336914 81538.1875
1067 7.42084503173828 149.022720336914 81824.125
1068 7.42763185501099 149.022720336914 81735.375
1069 7.43443489074707 149.022720336914 81336
1070 7.44122123718262 149.022720336914 80841.9375
1071 7.44799089431763 149.022720336914 80417.4375
1072 7.45481061935425 149.022720336914 80179.9375
1073 7.46159696578979 149.022720336914 80269.625
1074 7.46840000152588 149.022720336914 80560.375
1075 7.47518634796143 149.022720336914 80909.125
1076 7.48197269439697 149.022720336914 81448.125
1077 7.48877573013306 149.022720336914 81613.625
1078 7.49556255340576 149.022720336914 81737.75
1079 7.50916862487793 149.022720336914 81829.5625
1080 7.51595497131348 149.022720336914 81429.9375
1081 7.52275800704956 149.022720336914 81064.125
1082 7.52954435348511 149.022720336914 80686.625
1083 7.53634738922119 149.022720336914 80434.25
1084 7.5431342124939 149.022720336914 80444
1085 7.54992008209229 149.022720336914 80522.25
1086 7.55672359466553 149.022720336914 80593.8125
1087 7.56350994110107 149.022720336914 80449.0625
1088 7.57029628753662 149.022720336914 80355.3125
1089 7.57709932327271 149.022720336914 80495.875
1090 7.58388566970825 149.022720336914 80554.8125
1091 7.59068870544434 149.022720336914 80685.1875
1092 7.59747505187988 149.022720336914 80753
1093 7.60424518585205 149.022720336914 80599.625
1094 7.61106491088867 149.022720336914 80707.6875
1095 7.61785125732422 149.022720336914 80796.5
1096 7.6246542930603 149.022720336914 80820.125
1097 7.63144063949585 149.022720336914 80805.25
1098 7.6382269859314 149.022720336914 80371.875
1099 7.64503002166748 149.022720336914 80038.8125
1100 7.65181636810303 149.022720336914 79920.875
1101 7.65860319137573 149.022720336914 80056.5625
1102 7.66540622711182 149.022720336914 80569.5
1103 7.67219257354736 149.022720336914 80925
1104 7.67899560928345 149.022720336914 80998.125
1105 7.68578195571899 149.022720336914 80707.1875
1106 7.69256830215454 149.022720336914 80167.0625
1107 7.69937133789063 149.022720336914 79862.6875
1108 7.70615768432617 149.022720336914 79769.8125
1109 7.71296072006226 149.022720336914 79843.5625
1110 7.71974754333496 149.022720336914 80079.3125
1111 7.72653388977051 149.022720336914 80137
1112 7.73333692550659 149.022720336914 80178.75
1113 7.74012327194214 149.022720336914 80448.5
1114 7.74689292907715 149.022720336914 80631.875
1115 7.75371265411377 149.022720336914 80880
1116 7.76049900054932 149.022720336914 80950
1117 7.7673020362854 149.022720336914 80613.75
1118 7.77408838272095 149.022720336914 80327.3125
1119 7.78087472915649 149.022720336914 80063.5625
1120 7.78767824172974 149.022720336914 80191.3125
1121 7.79446458816528 149.022720336914 80582.25
1122 7.80798721313477 149.022720336914 80835.75
1123 7.81479024887085 149.022720336914 81141.25
1124 7.82159328460693 149.022720336914 80971.375
1125 7.82837963104248 149.022720336914 80717.875
1126 7.83518314361572 149.022720336914 80630.4375
1127 7.84196949005127 149.022720336914 80348.5625
1128 7.84875583648682 149.022720336914 80452.8125
1129 7.85559225082397 149.022720336914 80472.9375
1130 7.86234521865845 149.022720336914 80390.8125
1131 7.86913156509399 149.022720336914 80367.0625
1132 7.87593460083008 149.022720336914 80088.9375
1133 7.88272094726563 149.022720336914 80071.4375
1134 7.88950729370117 149.022720336914 80150.375
1135 7.89631032943726 149.022720336914 80332.25
1136 7.90309715270996 149.022720336914 80468.5625
1137 7.90990018844604 149.022720336914 80314.4375
1138 7.91668653488159 149.022720336914 80201.5625
1139 7.92347288131714 149.022720336914 80072.875
1140 7.93027591705322 149.022720336914 80139.875
1141 7.93706226348877 149.022720336914 80454
1142 7.94386529922485 149.022720336914 80606
1143 7.95065212249756 149.022720336914 80605.0625
1144 7.95743846893311 149.022720336914 80661.6875
1145 7.96424150466919 149.022720336914 80615.625
1146 7.97102785110474 149.022720336914 80611.625
1147 7.97783088684082 149.022720336914 80877.6875
1148 7.98461723327637 149.022720336914 80807.1875
1149 7.99140357971191 149.022720336914 80586.3125

